6
0 33 88 33 71 16
33 0 26 21 87 55
88 26 0 13 91 22
33 21 13 0 44 89
71 87 91 44 0 37
16 55 22 89 37 0